# kind|day|label|valid_start_utc|valid_end_utc|issued_utc|coords (Polygon or MultiPolygon coordinates, lon/lat)
# spc = SPC convective outlook (mapservices SPC_wx_outlks layers 1/9/17); torn = SPC tornado probability (layers 3/11); ero = WPC excessive rainfall (wpc_precip_hazards 0/1/2); fire = SPC fire weather (SPC_firewx 1/4)
spc|1|TSTM|2026-10-04T13:00Z|2026-10-05T12:00Z|2026-10-04T12:43Z|[[[[-87.23,29.96],[-87.33,29.96],[-87.46,30.43],[-87.29,30.8],[-85.05,30.56],[-84.37,29.95],[-84.52,29.42],[-84.07,29.73],[-83.27,28.83],[-83.03,28.75],[-82.99,28.55],[-83.16,28.37],[-83.18,28.11],[-83.11,27.53],[-81.93,25.61],[-82.63,25.45],[-82.31,25.02],[-83.16,25.01],[-83.29,24.22],[-81.78,24.21],[-80.63,24.49],[-80.14,24.86],[-79.97,25.16],[-79.81,25.58],[-79.7,26.78],[-80.27,28.23],[-80.2,28.55],[-80.76,29.5],[-80.99,30.13],[-81.09,30.74],[-80.76,31.63],[-80.44,31.97],[-78.93,32.93],[-78.81,33.31],[-78.57,33.48],[-77.68,33.62],[-77.52,34.03],[-76.94,34.36],[-76.54,34.25],[-75.73,34.86],[-75.28,34.98],[-75.12,35.65],[-75.54,36.62],[-79.51,34.9],[-80.73,34.8],[-81.53,35.3],[-82.47,36.19],[-83.92,36.45],[-84.6,36.35],[-88.93,34.79],[-91.38,33.32],[-93.66,32.44],[-95.52,31.49],[-98.04,29.29],[-98.68,28.94],[-100.45,28.34],[-99.72,27.5],[-99.36,26.52],[-99.1,26.25],[-97.23,25.66],[-96.75,25.95],[-97.02,27.08],[-96.8,27.58],[-96.43,27.94],[-95.13,28.6],[-94.27,29.22],[-93.24,29.44],[-92.08,29.11],[-91.66,29.12],[-91.08,28.73],[-90.1,28.76],[-89.83,28.92],[-89.71,28.69],[-89.4,28.58],[-88.94,28.69],[-88.62,29.02],[-88.58,29.25],[-88.69,29.39],[-88.41,29.86],[-87.23,29.96]]],[[[-108.46,37.08],[-107.01,36.48],[-105.65,37.05],[-105.13,38.1],[-105.77,39.14],[-106.95,39.28],[-108.58,37.83],[-108.46,37.08]]]]
spc|1|MRGL|2026-10-04T13:00Z|2026-10-05T12:00Z|2026-10-04T12:43Z|[[[-84.52,29.42],[-84.37,29.95],[-85.05,30.56],[-87.29,30.8],[-87.46,30.43],[-87.33,29.96],[-86.46,30.07],[-85.99,29.88],[-85.67,29.44],[-85.02,29.25],[-84.52,29.42]]]
torn|1|2%|2026-10-04T13:00Z|2026-10-05T12:00Z|2026-10-04T12:43Z|[[[-84.41,29.58],[-84.37,29.95],[-84.66,30.28],[-85.05,30.56],[-87.29,30.8],[-87.46,30.43],[-87.33,29.96],[-86.46,30.07],[-85.99,29.88],[-85.77,29.7],[-85.67,29.44],[-85.02,29.25],[-84.52,29.42],[-84.41,29.58]]]
spc|2|TSTM|2026-10-05T12:00Z|2026-10-06T12:00Z|2026-10-04T05:21Z|[[[[-89.86,30.32],[-93.08,29.38],[-92.08,29.11],[-91.66,29.12],[-91.08,28.73],[-90.1,28.76],[-89.83,28.92],[-89.71,28.69],[-89.4,28.58],[-88.94,28.69],[-88.62,29.02],[-88.58,29.25],[-88.69,29.39],[-88.41,29.86],[-86.46,30.07],[-85.99,29.88],[-85.67,29.44],[-85.02,29.25],[-84.47,29.44],[-84.07,29.73],[-83.27,28.83],[-83.03,28.75],[-82.99,28.55],[-83.16,28.37],[-83.18,28.11],[-83.11,27.53],[-81.93,25.61],[-82.63,25.45],[-82.31,25.02],[-83.16,25.01],[-83.29,24.22],[-81.78,24.21],[-81.05,24.36],[-80.33,24.71],[-79.97,25.16],[-79.81,25.58],[-79.7,26.78],[-80.27,28.23],[-80.2,28.55],[-80.76,29.5],[-81.09,30.74],[-80.76,31.63],[-80.12,32.15],[-82.24,32.46],[-83.47,32.28],[-87.39,32.15],[-88.83,31.19],[-89.86,30.32]]],[[[-111.56,38.58],[-110.06,39.78],[-109.42,40.88],[-112.66,42.88],[-114.86,42.85],[-116.52,41.95],[-117.54,39.46],[-116.53,38.54],[-114.05,37.85],[-111.56,38.58]]],[[[-105.1,36.89],[-105.27,37.49],[-107.13,38.3],[-108.91,38.26],[-108.35,37.21],[-107.62,36.81],[-106.08,36.35],[-105.3,36.47],[-105.1,36.89]]],[[[-97.43,27.86],[-98.64,26.09],[-97.23,25.66],[-96.75,25.95],[-97.02,27.08],[-96.8,27.58],[-96.43,27.94],[-94.92,28.79],[-97.43,27.86]]]]
spc|3|TSTM|2026-10-06T12:00Z|2026-10-07T12:00Z|2026-10-04T06:49Z|[[[[-89.86,30.32],[-93.08,29.38],[-92.08,29.11],[-91.66,29.12],[-91.08,28.73],[-90.1,28.76],[-89.83,28.92],[-89.71,28.69],[-89.4,28.58],[-88.94,28.69],[-88.62,29.02],[-88.58,29.25],[-88.69,29.39],[-88.41,29.86],[-86.46,30.07],[-85.99,29.88],[-85.67,29.44],[-85.02,29.25],[-84.47,29.44],[-84.07,29.73],[-83.27,28.83],[-83.03,28.75],[-82.99,28.55],[-83.16,28.37],[-83.18,28.11],[-83.11,27.53],[-81.93,25.61],[-82.63,25.45],[-82.31,25.02],[-83.16,25.01],[-83.29,24.22],[-81.78,24.21],[-81.05,24.36],[-80.33,24.71],[-79.97,25.16],[-79.81,25.58],[-79.7,26.78],[-80.27,28.23],[-80.2,28.55],[-80.76,29.5],[-81.09,30.74],[-80.76,31.63],[-80.44,31.97],[-78.93,32.93],[-78.72,33.38],[-83.59,32.31],[-87.39,32.15],[-88.83,31.19],[-89.86,30.32]]],[[[-111.56,38.58],[-110.06,39.78],[-109.42,40.88],[-112.66,42.88],[-114.86,42.85],[-118.23,41.78],[-118.45,40.63],[-116.53,38.54],[-114.05,37.85],[-111.56,38.58]]],[[[-97.43,27.86],[-98.64,26.09],[-97.23,25.66],[-96.75,25.95],[-97.02,27.08],[-96.8,27.58],[-96.43,27.94],[-94.92,28.79],[-97.43,27.86]]]]
ero|1|Marginal|2026-10-04T12:00Z|2026-10-05T12:00Z|2026-10-04T07:35Z|[[[-98.97,26.23],[-98.89,26.73],[-98.59,27.2],[-96.35,28.88],[-93.15,30.87],[-90.86,32.6],[-88.69,34.02],[-87.19,35.13],[-86.27,35.63],[-83.65,36.37],[-83.25,36.43],[-82.53,36.38],[-82.43,36.32],[-82.39,36.14],[-82.56,35.61],[-82.43,34.88],[-82.18,34.68],[-81.64,34.59],[-80.47,34.68],[-79.12,34.87],[-76.8,35.54],[-75.99,35.67],[-75.4,35.6],[-75.14,35.48],[-75.28,35.0],[-75.69,34.91],[-76.21,34.42],[-76.51,34.28],[-76.77,34.4],[-77.11,34.3],[-77.51,34.02],[-77.61,33.71],[-77.78,33.57],[-77.95,33.49],[-78.21,33.57],[-78.5,33.5],[-78.82,33.29],[-78.92,32.94],[-80.46,31.95],[-80.77,31.61],[-81.09,30.77],[-81.04,30.31],[-80.76,29.41],[-80.28,28.64],[-81.31,28.73],[-81.84,28.64],[-82.77,28.21],[-83.16,27.92],[-83.12,28.38],[-82.95,28.55],[-82.98,28.73],[-83.28,28.85],[-83.32,28.99],[-83.99,29.69],[-84.09,29.7],[-84.48,29.41],[-84.92,29.25],[-85.18,29.27],[-85.69,29.44],[-85.76,29.66],[-85.97,29.87],[-86.48,30.08],[-87.7,29.86],[-88.39,29.85],[-88.41,29.7],[-88.69,29.39],[-88.59,29.3],[-88.61,29.02],[-88.92,28.69],[-89.34,28.56],[-89.7,28.67],[-89.85,28.9],[-90.11,28.73],[-91.05,28.71],[-91.66,29.12],[-91.82,29.08],[-92.08,29.13],[-92.18,29.22],[-92.55,29.23],[-93.22,29.46],[-93.59,29.47],[-94.27,29.24],[-95.21,28.56],[-95.98,28.24],[-96.29,27.98],[-96.45,27.93],[-96.82,27.55],[-97.01,27.04],[-96.85,26.63],[-96.73,25.95],[-97.23,25.64],[-97.74,25.86],[-98.3,25.94],[-98.4,26.01],[-97.74,25.89],[-97.23,25.67],[-96.75,25.95],[-96.86,26.63],[-97.02,27.04],[-96.95,27.32],[-96.85,27.55],[-96.55,27.87],[-96.24,28.06],[-96.81,28.05],[-97.38,27.91],[-97.83,27.67],[-98.18,27.25],[-98.37,26.61],[-98.41,26.02],[-98.46,26.06],[-98.97,26.23]],[[-88.92,28.72],[-88.64,29.02],[-88.63,29.3],[-88.73,29.39],[-88.45,29.7],[-88.39,29.88],[-87.7,29.9],[-86.48,30.11],[-85.97,29.9],[-85.72,29.65],[-85.68,29.47],[-85.17,29.3],[-84.91,29.28],[-84.48,29.44],[-84.09,29.73],[-83.88,29.67],[-83.65,29.38],[-83.14,29.75],[-82.59,29.94],[-81.07,29.85],[-80.92,29.8],[-81.13,30.68],[-80.74,31.7],[-80.5,31.95],[-78.96,32.94],[-78.85,33.3],[-78.49,33.53],[-78.21,33.6],[-77.95,33.52],[-77.71,33.63],[-77.61,33.94],[-77.42,34.1],[-78.0,34.26],[-78.66,34.28],[-81.75,34.06],[-84.96,34.29],[-85.78,34.25],[-86.67,34.07],[-88.4,33.33],[-88.96,32.99],[-90.85,31.47],[-91.08,31.06],[-91.32,30.25],[-91.34,29.52],[-91.15,28.79],[-90.63,28.73],[-90.11,28.76],[-89.85,28.93],[-89.7,28.7],[-89.44,28.6],[-88.92,28.72]]]
ero|1|Slight|2026-10-04T12:00Z|2026-10-05T12:00Z|2026-10-04T07:35Z|[[[-97.74,25.89],[-98.41,26.01],[-98.37,26.61],[-98.18,27.25],[-97.83,27.67],[-97.38,27.91],[-96.81,28.05],[-96.24,28.06],[-96.55,27.87],[-96.85,27.55],[-96.95,27.32],[-97.02,27.04],[-96.86,26.63],[-96.75,25.95],[-97.23,25.67],[-97.74,25.89]],[[-97.08,25.81],[-96.78,25.95],[-96.89,26.63],[-97.05,27.04],[-97.0,27.23],[-97.11,27.27],[-97.67,27.22],[-97.82,27.08],[-97.97,26.71],[-97.85,26.12],[-97.38,25.8],[-97.08,25.81]]]
ero|1|Slight|2026-10-04T12:00Z|2026-10-05T12:00Z|2026-10-04T07:35Z|[[[-89.44,28.6],[-89.7,28.7],[-89.85,28.93],[-90.11,28.76],[-90.63,28.73],[-91.15,28.79],[-91.34,29.52],[-91.32,30.25],[-91.08,31.06],[-90.85,31.47],[-88.96,32.99],[-88.4,33.33],[-86.67,34.07],[-85.78,34.25],[-84.96,34.29],[-81.75,34.06],[-78.66,34.28],[-78.0,34.26],[-77.42,34.1],[-77.61,33.94],[-77.71,33.63],[-77.95,33.52],[-78.21,33.6],[-78.49,33.53],[-78.85,33.3],[-78.96,32.94],[-80.5,31.95],[-80.74,31.7],[-81.13,30.68],[-80.92,29.8],[-81.07,29.85],[-82.59,29.94],[-83.14,29.75],[-83.65,29.38],[-83.88,29.67],[-84.09,29.73],[-84.48,29.44],[-84.91,29.28],[-85.17,29.3],[-85.68,29.47],[-85.72,29.65],[-85.97,29.9],[-86.48,30.11],[-87.7,29.9],[-88.39,29.88],[-88.45,29.7],[-88.73,29.39],[-88.63,29.3],[-88.64,29.02],[-88.92,28.72],[-89.44,28.6]]]
ero|1|Moderate|2026-10-04T12:00Z|2026-10-05T12:00Z|2026-10-04T07:35Z|[[[-97.38,25.8],[-97.85,26.12],[-97.97,26.71],[-97.82,27.08],[-97.67,27.22],[-97.11,27.27],[-97.0,27.23],[-97.05,27.04],[-96.89,26.63],[-96.78,25.95],[-97.08,25.81],[-97.38,25.8]]]
ero|2|Marginal|2026-10-05T12:00Z|2026-10-06T12:00Z|2026-10-04T07:35Z|[[[-97.74,25.89],[-97.23,25.67],[-96.74,25.95],[-97.02,27.09],[-96.85,27.55],[-96.6,27.78],[-96.96,27.87],[-97.73,27.72],[-98.14,27.48],[-98.44,27.06],[-98.41,26.15],[-98.3,25.97],[-97.74,25.89]],[[-97.13,25.76],[-97.74,25.98],[-97.95,26.25],[-97.97,26.98],[-97.62,27.26],[-96.95,27.27],[-97.05,27.04],[-96.78,25.95],[-97.13,25.76]]]
ero|2|Marginal|2026-10-05T12:00Z|2026-10-06T12:00Z|2026-10-04T07:35Z|[[[-82.98,28.69],[-81.94,29.15],[-80.67,29.27],[-81.0,30.03],[-81.12,30.77],[-80.74,31.7],[-79.14,32.82],[-79.46,33.27],[-80.2,33.38],[-85.55,31.79],[-86.76,31.26],[-87.22,30.83],[-87.3,30.38],[-87.22,29.96],[-86.48,30.11],[-85.97,29.89],[-85.68,29.47],[-85.17,29.3],[-84.91,29.28],[-83.98,29.72],[-83.28,28.85],[-82.98,28.69]]]
ero|2|Slight|2026-10-05T12:00Z|2026-10-06T12:00Z|2026-10-04T07:35Z|[[[-97.28,25.76],[-96.78,25.95],[-97.05,27.04],[-96.95,27.27],[-97.62,27.26],[-97.97,26.98],[-97.95,26.25],[-97.74,25.98],[-97.28,25.76]]]
ero|3|Marginal|2026-10-06T12:00Z|2026-10-07T12:00Z|2026-10-04T07:35Z|[[[-82.45,26.35],[-81.95,26.72],[-81.31,26.94],[-80.52,27.05],[-79.76,26.98],[-80.28,28.18],[-80.23,28.59],[-80.92,29.8],[-81.13,30.68],[-80.74,31.7],[-78.95,32.99],[-81.02,32.5],[-85.38,30.68],[-86.43,30.1],[-85.97,29.89],[-85.68,29.47],[-85.17,29.3],[-84.48,29.44],[-84.09,29.73],[-83.88,29.67],[-83.28,28.85],[-82.98,28.73],[-83.18,27.79],[-82.45,26.35]]]
fire|1|Elevated|2026-10-04T12:00Z|2026-10-05T12:00Z||[[[-117.06,32.96],[-116.93,32.5],[-116.54,32.45],[-116.88,34.01],[-118.37,34.56],[-119.17,34.7],[-119.27,34.53],[-118.12,34.04],[-117.42,33.52],[-117.06,32.96]]]
fire|2|Elevated|2026-10-05T12:00Z|2026-10-06T12:00Z||[[[-108.79,48.9],[-109.17,49.16],[-113.74,49.19],[-112.52,47.55],[-111.41,46.9],[-110.12,46.43],[-108.97,46.54],[-108.36,47.25],[-108.27,48.16],[-108.79,48.9]]]
