# source: NOAA mapservices WWA watch_warn_adv layer 1, generalized (outer ring only). type|onset|ends|wfo|ring
Flash Flood Warning|2026-10-04T08:38:00-04:00|2026-10-04T11:45:00-04:00|KTAE|[[-86.31,30.42],[-86.39,30.35],[-85.98,30.23],[-86.1,30.54],[-86.39,30.46],[-86.14,30.49],[-85.99,30.31],[-86.31,30.42]]
Flash Flood Warning|2026-10-04T06:52:00-05:00|2026-10-04T09:45:00-05:00|KMOB|[[-86.75,30.39],[-86.39,30.37],[-86.39,30.53],[-86.75,30.39]]
Extreme Heat Warning|2026-10-04T04:28:00-07:00|2026-10-08T20:00:00-07:00|KSGX|[[-117.51,33.39],[-117.25,32.67],[-116.89,32.55],[-117.21,33.17],[-117.51,33.39]]
Extreme Heat Warning|2026-10-04T04:28:00-07:00|2026-10-08T20:00:00-07:00|KSGX|[[-117.91,33.95],[-118.1,33.78],[-117.51,33.47],[-117.67,33.87],[-117.91,33.95]]
Extreme Heat Warning|2026-10-04T04:28:00-07:00|2026-10-08T20:00:00-07:00|KSGX|[[-117.65,33.86],[-117.42,33.39],[-117.22,33.51],[-117.65,33.86]]
Extreme Heat Warning|2026-10-04T04:28:00-07:00|2026-10-08T20:00:00-07:00|KSGX|[[-117.5,33.51],[-117.59,33.43],[-117.3,33.28],[-116.9,32.55],[-116.57,32.58],[-116.67,33.13],[-116.94,33.24],[-116.79,33.26],[-117.5,33.51]]
Extreme Heat Warning|2026-10-04T04:28:00-07:00|2026-10-08T20:00:00-07:00|KSGX|[[-117.47,34.3],[-117.79,33.95],[-117.22,33.53],[-117.33,33.48],[-116.81,33.43],[-116.91,33.64],[-116.76,33.71],[-116.97,33.83],[-117.03,34.14],[-117.47,34.3]]
Extreme Heat Warning|2026-10-04T04:28:00-07:00|2026-10-08T20:00:00-07:00|KSGX|[[-118.1,33.78],[-117.6,33.39],[-117.77,33.64],[-118.1,33.78]]
Extreme Heat Warning|2026-10-04T11:00:00-07:00|2026-10-09T20:00:00-07:00|KVEF|[[-117.83,37.47],[-118.08,37.3],[-117.69,36.4],[-117.77,36.16],[-117.52,35.8],[-115.65,35.81],[-117.83,37.47]]
Extreme Heat Warning|2026-10-03T12:15:00-07:00|2026-10-08T20:00:00-07:00|KLOX|[[-118.41,34.13],[-118.61,34.14],[-118.71,34.06],[-118.41,34.13]]
Freeze Warning|2026-10-05T01:00:00-05:00|2026-10-05T09:00:00-05:00|KDLH|[[-94.38,48.71],[-94.42,47.85],[-93.08,47.89],[-93.09,48.63],[-93.79,48.52],[-94.38,48.71]]
Freeze Warning|2026-10-05T01:00:00-05:00|2026-10-05T09:00:00-05:00|KDLH|[[-90.73,46.69],[-90.93,46.59],[-90.92,45.98],[-90.3,45.98],[-90.73,46.69]]
Extreme Heat Warning|2026-10-03T12:15:00-07:00|2026-10-08T20:00:00-07:00|KLOX|[[-120.08,35.11],[-119.44,34.81],[-119.44,34.9],[-120.08,35.11]]
Extreme Heat Warning|2026-10-03T12:15:00-07:00|2026-10-08T20:00:00-07:00|KLOX|[[-118.61,33.48],[-118.47,33.33],[-118.3,33.31],[-118.61,33.48]]
Freeze Warning|2026-10-05T01:00:00-05:00|2026-10-05T09:00:00-05:00|KDLH|[[-90.88,48.24],[-91.43,48.05],[-91.8,48.2],[-91.79,47.15],[-90.94,47.75],[-89.96,48.01],[-90.75,48.09],[-90.88,48.24]]
Freeze Warning|2026-10-05T01:00:00-05:00|2026-10-05T09:00:00-05:00|KDLH|[[-92.95,48.62],[-93.09,48.63],[-93.08,47.85],[-91.8,47.86],[-91.8,48.2],[-92.15,48.37],[-92.37,48.22],[-92.46,48.41],[-92.71,48.46],[-92.63,48.54],[-92.95,48.62]]
Freeze Warning|2026-10-05T01:00:00-05:00|2026-10-05T09:00:00-05:00|KDLH|[[-90.5,46.59],[-90.55,46.24],[-90.3,46.15],[-90.3,45.98],[-89.93,45.98],[-89.93,46.3],[-90.5,46.59]]
Extreme Heat Warning|2026-10-03T12:15:00-07:00|2026-10-08T20:00:00-07:00|KLOX|[[-118.61,34.56],[-118.74,34.5],[-118.67,34.37],[-118.36,34.44],[-118.61,34.56]]
Extreme Heat Warning|2026-10-03T12:15:00-07:00|2026-10-08T20:00:00-07:00|KLOX|[[-120.51,34.59],[-120.65,34.58],[-120.45,34.44],[-119.88,34.48],[-120.51,34.59]]
Extreme Heat Warning|2026-10-03T12:15:00-07:00|2026-10-08T20:00:00-07:00|KLOX|[[-119.45,34.39],[-119.22,34.15],[-118.95,34.05],[-119.45,34.39]]
Freeze Warning|2026-10-05T01:00:00-05:00|2026-10-05T09:00:00-05:00|KDLH|[[-93.72,47.9],[-94.42,47.85],[-94.42,47.44],[-93.07,47.46],[-93.08,47.89],[-93.72,47.9]]
Extreme Heat Warning|2026-10-03T12:15:00-07:00|2026-10-08T20:00:00-07:00|KLOX|[[-119.93,34.43],[-119.45,34.4],[-119.8,34.48],[-119.93,34.43]]
Extreme Heat Warning|2026-10-03T12:15:00-07:00|2026-10-08T20:00:00-07:00|KLOX|[[-119.82,34.53],[-120.22,34.49],[-119.76,34.47],[-119.82,34.53]]
Extreme Heat Warning|2026-10-03T12:15:00-07:00|2026-10-08T20:00:00-07:00|KLOX|[[-119.08,34.12],[-118.89,34.28],[-119.22,34.29],[-119.08,34.12]]
Freeze Warning|2026-10-05T01:00:00-05:00|2026-10-05T09:00:00-05:00|KDLH|[[-91.8,47.72],[-91.8,47.86],[-93.08,47.86],[-93.06,47.03],[-91.99,47.0],[-91.79,47.15],[-91.8,47.72]]
Extreme Heat Warning|2026-10-03T12:15:00-07:00|2026-10-08T20:00:00-07:00|KLOX|[[-119.45,34.4],[-119.33,34.3],[-119.2,34.48],[-119.45,34.4]]
Extreme Heat Warning|2026-10-03T12:15:00-07:00|2026-10-08T20:00:00-07:00|KLOX|[[-119.76,34.47],[-119.3,34.48],[-119.82,34.53],[-119.76,34.47]]
Extreme Heat Warning|2026-10-03T12:15:00-07:00|2026-10-08T20:00:00-07:00|KLOX|[[-119.29,34.39],[-119.18,34.45],[-119.28,34.46],[-119.29,34.39]]
Extreme Heat Warning|2026-10-03T12:15:00-07:00|2026-10-08T20:00:00-07:00|KLOX|[[-120.1,35.11],[-120.33,35.0],[-120.09,34.72],[-119.44,34.48],[-119.44,34.81],[-120.1,35.11]]
Extreme Heat Warning|2026-10-03T12:15:00-07:00|2026-10-08T20:00:00-07:00|KLOX|[[-118.7,34.43],[-118.78,34.58],[-118.77,34.44],[-119.2,34.48],[-119.31,34.36],[-118.7,34.43]]
Extreme Heat Warning|2026-10-03T12:15:00-07:00|2026-10-08T20:00:00-07:00|KLOX|[[-119.92,34.08],[-119.82,33.96],[-119.52,34.03],[-119.92,34.08]]
Extreme Heat Warning|2026-10-03T12:15:00-07:00|2026-10-08T20:00:00-07:00|KLOX|[[-118.9,34.05],[-118.81,34.0],[-118.45,34.06],[-118.9,34.05]]
Extreme Heat Warning|2026-10-03T12:15:00-07:00|2026-10-08T20:00:00-07:00|KLOX|[[-118.45,34.06],[-118.41,33.74],[-118.09,33.76],[-118.45,34.06]]
Extreme Heat Warning|2026-10-03T12:15:00-07:00|2026-10-08T20:00:00-07:00|KLOX|[[-118.32,33.77],[-118.41,33.78],[-118.31,33.73],[-118.32,33.77]]
Extreme Heat Warning|2026-10-03T12:15:00-07:00|2026-10-08T20:00:00-07:00|KLOX|[[-118.25,34.1],[-118.47,34.07],[-118.28,33.79],[-118.1,33.78],[-118.0,33.89],[-118.25,34.1]]
Extreme Heat Warning|2026-10-03T12:15:00-07:00|2026-10-08T20:00:00-07:00|KLOX|[[-118.7,34.08],[-119.08,34.12],[-118.82,34.03],[-118.7,34.08]]
Extreme Heat Warning|2026-10-03T12:15:00-07:00|2026-10-08T20:00:00-07:00|KLOX|[[-118.66,34.13],[-118.86,34.12],[-118.7,34.08],[-118.66,34.13]]
Extreme Heat Warning|2026-10-03T12:15:00-07:00|2026-10-08T20:00:00-07:00|KLOX|[[-118.66,34.13],[-118.33,34.26],[-118.59,34.3],[-118.66,34.13]]
Extreme Heat Warning|2026-10-03T12:15:00-07:00|2026-10-08T20:00:00-07:00|KLOX|[[-118.57,34.38],[-119.11,34.29],[-118.54,34.29],[-118.57,34.38]]
Extreme Heat Warning|2026-10-03T12:15:00-07:00|2026-10-08T20:00:00-07:00|KLOX|[[-118.25,34.1],[-118.16,34.21],[-118.38,34.31],[-118.41,34.13],[-118.25,34.1]]
Extreme Heat Warning|2026-10-03T12:15:00-07:00|2026-10-08T20:00:00-07:00|KLOX|[[-118.63,34.28],[-119.11,34.29],[-118.89,34.28],[-119.03,34.15],[-118.86,34.12],[-118.63,34.28]]
Extreme Heat Warning|2026-10-03T12:15:00-07:00|2026-10-08T20:00:00-07:00|KLOX|[[-118.13,34.21],[-118.25,34.07],[-118.0,33.89],[-117.68,34.15],[-118.13,34.21]]
Fire Weather Watch|2026-10-05T12:00:00-06:00|2026-10-05T18:00:00-06:00|KRIW|[[-108.1,42.23],[-108.52,42.2],[-108.64,42.02],[-109.07,41.87],[-109.22,42.03],[-109.61,41.85],[-110.05,41.9],[-110.05,41.0],[-107.92,41.0],[-107.93,41.66],[-107.51,41.66],[-107.5,42.03],[-107.98,42.1],[-108.1,42.23]]
Winter Weather Advisory|2026-10-03T21:49:00-08:00|2026-10-04T10:00:00-08:00|PAFC|[[-145.43,62.49],[-145.82,62.67],[-146.44,62.68],[-146.42,62.25],[-146.98,62.25],[-146.94,61.47],[-147.74,61.43],[-147.74,61.34],[-146.21,61.3],[-146.21,61.21],[-145.44,61.32],[-145.28,61.43],[-145.25,61.68],[-145.6,62.03],[-145.43,62.49]]
Winter Weather Advisory|2026-10-03T21:49:00-08:00|2026-10-04T07:00:00-08:00|PAFC|[[-141.0,61.36],[-143.29,61.74],[-144.74,62.32],[-144.87,62.14],[-144.81,61.98],[-144.07,61.57],[-144.1,61.35],[-144.42,61.21],[-144.43,61.04],[-143.72,61.04],[-143.72,60.86],[-142.84,60.78],[-142.84,60.61],[-141.97,60.61],[-141.79,60.44],[-141.0,60.39],[-141.0,61.36]]
Fire Weather Watch|2026-10-05T12:00:00-06:00|2026-10-05T20:00:00-06:00|KBYZ|[[-110.43,46.21],[-110.58,46.29],[-110.58,46.19],[-111.08,46.19],[-111.0,45.6],[-111.33,45.45],[-111.6,45.5],[-111.39,45.35],[-111.51,45.24],[-111.37,45.14],[-111.49,45.02],[-111.46,44.72],[-111.33,44.73],[-111.11,44.49],[-111.11,45.11],[-109.55,45.0],[-109.82,45.17],[-110.02,45.07],[-110.15,45.36],[-109.81,45.64],[-110.01,45.69],[-110.05,45.54],[-110.21,45.55],[-110.3,45.93],[-110.17,45.97],[-110.17,46.12],[-110.43,46.21]]
Fire Weather Watch|2026-10-05T12:00:00-06:00|2026-10-05T18:00:00-06:00|KCYS|[[-105.81,43.5],[-106.08,43.49],[-106.07,42.71],[-105.62,42.73],[-105.63,42.61],[-104.99,42.19],[-104.05,42.19],[-104.05,42.77],[-105.02,42.86],[-105.64,43.17],[-105.81,43.5]]
Winter Weather Advisory|2026-10-03T21:49:00-08:00|2026-10-04T10:00:00-08:00|PAFC|[[-144.63,61.89],[-144.86,62.05],[-144.74,62.32],[-145.17,62.64],[-145.57,62.31],[-145.5,61.83],[-144.63,61.89]]
Fire Weather Watch|2026-10-05T12:00:00-06:00|2026-10-05T18:00:00-06:00|KRIW|[[-106.07,43.2],[-106.08,43.49],[-106.82,43.49],[-107.1,43.21],[-107.52,43.29],[-107.5,42.93],[-107.21,42.9],[-106.78,42.73],[-106.65,42.51],[-106.43,42.5],[-106.4,42.66],[-106.51,42.74],[-106.07,42.71],[-106.07,43.2]]
Fire Weather Watch|2026-10-05T12:00:00-06:00|2026-10-05T18:00:00-06:00|KCYS|[[-105.87,42.77],[-106.07,42.71],[-106.08,42.43],[-105.54,42.03],[-105.36,41.81],[-105.43,41.71],[-105.22,41.57],[-104.85,41.65],[-104.81,41.81],[-104.94,41.93],[-105.13,41.88],[-105.21,42.03],[-105.13,42.22],[-105.25,42.45],[-105.47,42.48],[-105.62,42.73],[-105.87,42.77]]
Fire Weather Watch|2026-10-05T12:00:00-06:00|2026-10-05T20:00:00-06:00|KBYZ|[[-109.82,46.69],[-110.27,46.62],[-110.21,45.55],[-110.05,45.54],[-110.01,45.69],[-109.81,45.57],[-109.56,45.61],[-109.55,45.87],[-109.42,45.96],[-109.65,46.22],[-109.4,46.22],[-109.39,46.69],[-109.82,46.69]]
Fire Weather Watch|2026-10-05T12:00:00-06:00|2026-10-05T18:00:00-06:00|KRIW|[[-107.52,42.94],[-107.73,42.73],[-108.14,42.85],[-108.3,42.61],[-108.6,42.65],[-108.44,42.45],[-109.11,42.21],[-109.22,42.03],[-109.14,41.87],[-108.64,42.02],[-108.52,42.2],[-108.08,42.23],[-107.98,42.1],[-107.53,42.01],[-107.52,42.43],[-106.32,42.45],[-106.65,42.51],[-106.78,42.73],[-107.21,42.9],[-107.52,42.94]]
Winter Weather Advisory|2026-10-03T21:49:00-08:00|2026-10-04T10:00:00-08:00|PAFC|[[-144.87,61.21],[-144.71,61.54],[-145.24,61.68],[-145.29,61.42],[-145.92,61.21],[-144.87,61.21]]
Fire Weather Watch|2026-10-05T12:00:00-06:00|2026-10-05T18:00:00-06:00|KCYS|[[-106.03,42.45],[-106.33,42.43],[-106.55,42.26],[-106.2,42.12],[-106.44,41.99],[-105.54,41.66],[-105.43,41.71],[-105.36,41.81],[-105.54,42.03],[-106.03,42.45]]
Fire Weather Watch|2026-10-05T12:00:00-06:00|2026-10-05T18:00:00-06:00|KRIW|[[-106.35,42.78],[-106.53,42.72],[-106.4,42.66],[-106.41,42.46],[-106.08,42.43],[-106.07,42.71],[-106.35,42.78]]
Winter Weather Advisory|2026-10-03T21:49:00-08:00|2026-10-04T10:00:00-08:00|PAFC|[[-144.87,61.21],[-144.23,61.25],[-144.08,61.39],[-144.08,61.58],[-144.63,61.89],[-145.5,61.83],[-144.72,61.55],[-144.69,61.41],[-144.87,61.21]]
Fire Weather Watch|2026-10-05T12:00:00-06:00|2026-10-05T18:00:00-06:00|KCYS|[[-107.28,42.43],[-107.52,42.43],[-107.5,42.03],[-107.42,42.23],[-106.36,42.02],[-106.2,42.08],[-106.55,42.2],[-106.33,42.43],[-107.28,42.43]]
Fire Weather Watch|2026-10-05T12:00:00-06:00|2026-10-05T18:00:00-06:00|KCYS|[[-107.36,42.2],[-107.49,42.18],[-107.51,41.66],[-107.69,41.66],[-107.52,41.4],[-107.12,41.36],[-106.89,41.72],[-106.32,41.92],[-106.58,42.13],[-107.36,42.2]]
Fire Weather Watch|2026-10-05T12:00:00-06:00|2026-10-05T18:00:00-06:00|KCYS|[[-106.2,41.86],[-106.4,41.91],[-106.77,41.76],[-106.43,41.57],[-106.21,41.59],[-106.06,41.32],[-105.89,41.68],[-106.2,41.86]]
Fire Weather Watch|2026-10-05T12:00:00-06:00|2026-10-05T18:00:00-06:00|KCYS|[[-105.02,41.66],[-105.32,41.58],[-105.14,41.0],[-104.44,41.03],[-104.37,41.44],[-104.52,41.5],[-104.4,41.56],[-105.02,41.66]]
Fire Weather Watch|2026-10-05T12:00:00-06:00|2026-10-05T18:00:00-06:00|KCYS|[[-104.91,42.18],[-105.15,42.27],[-105.13,41.88],[-104.94,41.93],[-104.8,41.8],[-104.85,41.65],[-104.65,41.56],[-104.28,41.56],[-104.26,41.71],[-104.63,42.2],[-104.91,42.18]]
